0,532
0,531
0,530
0,529
0,528
0,527
0,526
0,525
0,524
0,523
0,522
0,521
0,520
0,519
0,518
0,517
0,516
0,515
0,514
0,513
0,512
0,511
0,510
0,509
0,508
0,507
0,506
0,505
0,504
0,503
0,502
0,501
0,500
0,499
0,498
0,497
0,496
0,495
54,6
54,5
54,4
69,4
69,3
69,2
69,1
69,0
68,3
68,2
68,1
68,0
67,3
67,2
67,1
67,0
66,3
66,2
0,494
0,493
66,1
66,0
65,3
65,2
65,1
65,0
64,3
64,2
64,1
64,0
63,3
63,2
63,1
63,0
62,3
62,2
62,1
62,0
61,3
61,2
61,1
61,0
60,3
60,2
60,1
60,0
59,3
59,2
59,1
59,0
58,3
58,2
58,1
58,0
57,3
57,2
57,1
57,0
56,3
56,2
56,1
56,0
55,3
55,2
55,1
55,0
54,3
54,2
54,1
54,0
53,3
53,2
53,1
53,0
52,3
52,2
52,1
52,0
51,4
51,3
51,2
51,1
51,0
0,492
0,491
0,490
0,489
0,488
0,487
50,4
50,3
50,2
50,1
50,0
0,486
0,485
0,484
49,6
49,5
49,4
0,483
0,482
49,3
49,2
49,1
49,0
48,3
48,2
48,1
48,0
0,481
0,480
0,479
0,478
0,477
0,476
0,475
0,474
0,473
0,243
47,3
47,2
47,1
47,0
